R,M1,M2,T,G,N
74.72794837392539,15.661353623175513,2.1894237863453982,0.07900000000000006,22.48389070166845,0.7856017188859972
87.12031177978048,30.82343926129821,29.418153750769022,0.1315000000000001,17.59684967982956,0.3365756247573102
97.66088554040782,24.00231990784228,3.037508108164119,16.526500000006834,8.002331380079008,-1.487208809030291
249.29648684258203,7.203092935198287,12.76702309611052,0.06200000000000005,10.835595339199166,1.0649231977391285
158.164152396465,27.902871034838764,21.466778349860316,0.5054999999999997,10.323703823592,0.026839907654283124
189.8641397463228,25.4693188173675,30.676704809551776,0.33350000000000024,42.995243427569704,-0.07966235678940103
161.41480655620094,11.478683675010656,18.60697136851283,0.5444999999999954,41.753055928931495,-0.18465446972592447
219.49555108196668,3.387615100546714,7.663598658486755,0.47150000000000036,4.7894391620721946,0.5556825549096334
183.86326541059628,18.24982384770651,1.5338095334380122,0.01700000000000001,25.582816568386058,1.4146473201771963
155.70389259716453,26.448395714908443,13.542151402823176,30.9574999999732,35.73280515337214,-1.8931619706336278
162.3304528467989,15.353413765115375,15.896150470136696,0.5964999999999897,22.17174490951472,-0.09847995262790388
66.06523553520461,23.91153624923114,9.197179638746462,0.02800000000000002,22.009997892277845,1.1441344274262093
94.00336321367215,17.798142624661494,11.235578845278088,0.0015,23.51668407484384,2.4598605112285137
110.61194635410789,9.223678429594417,11.777412509928109,0.0035,44.39586923842202,2.0009654772871226
118.61387253581056,12.321651215821406,3.5579141764466673,0.01450000000000001,44.671743304622346,1.4331679753632818
233.31783882070906,2.4057344744334044,27.70411938666341,32.81849999997468,9.868772228300347,-1.3899590350592064
101.05152910093975,27.54339092914261,10.044609675404544,5.727999999999545,7.1761767415483115,-1.0367944424519804
224.4974105179843,26.498338740482154,27.150734504705607,45.33900000003446,4.53040538917514,-1.4937252728729575
229.52125887585137,16.088471684555397,18.580025948047506,0.1430000000000001,20.3903853590372,0.5196638119489405
153.66559923114795,3.841048634823382,11.164336426931445,0.006500000000000002,24.78908617114781,1.914838536587776
107.4197488623357,13.424663003255315,20.203925890143132,0.002,33.5466972388433,2.214354412364644
153.88897851569695,26.26048039927852,4.544750491282482,1.7239999999998656,18.752508169833813,-0.5137344516723874
143.9655861118756,23.937694822889554,27.733562005929986,2.8415000000001163,30.62005246294426,-0.9579136947499842
161.16382176603628,28.604307880302372,11.730915331088775,1.111999999999933,49.857438234999194,-0.5746783675394695
53.857439246608024,30.99253026591849,7.528031354144554,2.167499999999891,46.79351447455867,-1.3808130087284973
151.37797453490367,14.125545761766698,6.5746737979729755,0.020000000000000014,30.623776300563133,1.3073749130767633
193.81148864723787,10.025860888992398,12.457921359831747,2.037999999999848,46.93475630403383,-0.6279413423480875
63.18490490019073,9.548429261527929,21.19017781794979,0.20350000000000015,30.664921620391603,0.0784115834655017
228.9412940654535,19.75281638240388,20.401796298946984,8.235499999998574,15.826650662837048,-1.013610951143305
76.35297688738132,25.051257649087173,11.13633847815173,1.1544999999999284,47.10062613959026,-0.8523301366041727
185.0868532145604,29.48805758659857,26.740396497874375,0.2660000000000002,27.205336150950277,0.09644221964191146
77.50473709407983,24.243983851233907,8.911864934982624,0.004,16.455250307220112,2.131950574066204
91.0851640313279,23.92780614982782,18.716384621348038,0.05400000000000004,24.71866625032627,0.7541284299488922
207.03815335794056,26.481904337941376,24.90175115217843,93.09950000026251,12.028883364894993,-1.9975680382469947
238.19908714004484,28.534321839046818,26.645430910904366,31.402499999972164,41.05330525467701,-1.750709730943583
91.20494512618686,20.334110655987022,16.300505347678182,0.1245000000000001,38.039306159941155,0.3053756786116293
116.03240333474163,4.982662978255629,25.00075841845599,0.004,7.357540925489702,2.2700960014832416
221.76552049091868,30.10416144718366,10.39486469082083,0.07100000000000005,5.453626532844246,1.0108649224596524
73.34896900512226,25.144439741064122,12.572502473435378,0.012500000000000008,35.272331913833064,1.3793244613265871
218.67872698114695,16.68234260483644,24.420618660362372,54.85900000007992,18.719540424827795,-1.8034371211185527
81.89599376733693,9.697301806198293,17.02559627382962,0.010000000000000005,14.093206527788425,1.7926908851601797
250.45235452090873,20.89055554790374,1.9412413575329492,3.9620000000004905,40.29365650291822,-0.7724020678049559
154.76653595670646,8.98099382485968,2.6685019829360415,2.4584999999999884,9.755018313058772,-0.32205707218733304
54.65541627235715,20.258434124795365,17.76776267343069,4.67250000000013,18.438529974921778,-1.5260262169877583
102.93040657071676,16.410064923689912,22.324835180034945,0.002,35.68239331391973,2.2753893703202603
114.25028566655577,6.086049552804126,21.440662966474477,6.447999999999146,43.28406788068958,-1.3601133620822212
82.6370018424526,11.529527570191119,27.26740814800741,0.10050000000000008,7.519573881887009,0.7564549404820826
134.96333134132436,17.454714177695443,19.652448129536815,3.8155000000004415,21.022131643071972,-0.9604092193623854
110.9882652399315,6.063986492331159,23.31889600114931,3.245500000000251,29.88803876726208,-1.0027529653013048
228.19342514415644,4.857734429022665,30.334229255931852,4.5795000000001815,6.4876774178933445,-0.5925647139898067
94.60402166164226,29.469687821604747,15.855978644690461,5.117999999999883,13.255191930260379,-1.2013935181845277
119.91670618033584,4.369486686409575,30.80980171128147,0.3970000000000003,35.39780020782596,-0.12578146666305212
178.38659685502125,12.027434368332134,15.833478784014213,0.4170000000000003,29.929892588787187,0.030358399783223522
173.50685586610695,16.690777017071994,17.212354497644014,19.014000000001037,19.01809648779028,-1.4706679957024376
138.02884184828122,7.016191479639101,22.69822478009165,0.01500000000000001,7.523549197255729,1.663514032858119
118.76493136145079,19.122032959719775,30.681325790297734,0.19400000000000014,43.99508986130874,0.06016574155446319
237.86231508621884,4.407376368357998,2.679250737109277,17.894000000003647,39.57609688229392,-1.1387185136337643
158.78322803626256,26.179363094875125,6.05954483301328,0.32850000000000024,23.19038530960722,0.12659918172745854
238.3959807094594,20.297814124852952,28.68830002600824,14.324500000006015,28.978302946164725,-1.362101652989387
148.53960376327126,3.2458784924810393,7.66061234123128,1.2054999999999227,30.409773721557432,-0.2600253588181478
104.95273721174155,3.8179142782363686,19.683062568725354,0.22050000000000017,21.40743533580247,0.3037335063175379
132.9225000144666,1.3445312222908847,17.3192756551351,1.0819999999999363,15.233792065847306,-0.21228486144863323
51.85541012995569,4.756310904468442,16.375017122627142,4.918999999999993,1.152679096868924,-0.7000835979435522
158.81395308769552,12.993197739466492,13.786945776524355,0.1455000000000001,33.24800549095417,0.4257376265923245
227.5833366753417,22.59065230891206,3.1304465055552413,0.005500000000000001,33.076013551266946,1.7645866686247786
149.76584317728245,29.990485443039123,2.050068706860985,3.7230000000004106,22.48713382066273,-0.8899628940184123
216.26905631657615,10.493208050160206,5.604188825899049,0.10000000000000007,34.35920088892731,0.6988308297626094
83.27528556851868,28.19021188805488,1.6042743058059497,23.666999999990193,13.070357517105968,-1.8927147437948815
204.28138383352456,2.4358387058246325,19.957149249554206,0.008000000000000004,15.034460097584978,1.7852696162536446
191.2723788901424,25.12971122062953,2.017465556339494,16.613000000006632,35.869339247906375,-1.4505613331780043
108.92567607815587,8.971143670499606,19.980453026012878,0.007500000000000003,41.63555203363401,1.6541629522348456
109.32750624540057,1.5688111349965475,8.75335439530151,5.153499999999863,38.86446974900114,-1.0412036223109116
205.53649126916463,24.208924839997934,23.58071714817888,9.839500000000534,9.537968634789694,-1.0614400815127696
178.64013690411912,22.664575228252456,10.131775199770315,21.78399999999458,3.9567374844365335,-1.1877695670264883
161.0896885301715,14.686555142656655,10.76787696473975,0.5749999999999921,2.812502512669645,0.3802565341129194
196.62408388034746,9.094662493965581,16.861181951176725,3.859000000000456,40.106630662142415,-0.8729085635608267
56.362862077561644,15.21612378809073,11.119123812839259,1.385499999999903,48.66842104939886,-1.0298590170485977
208.73569122989778,23.277024187209108,12.85655870083882,29.512999999976568,13.541715930460883,-1.4984372047532788
55.595146977267,9.128065712725638,27.889167813394998,1.3549999999999063,31.265130074755398,-0.9996724922989246
121.04582213457122,8.26922709350867,4.5121490202307815,0.08500000000000006,3.3962588607241986,1.2730336089396026
214.6279344782319,6.023448224575475,5.505431369028548,32.087499999971186,36.15102255783648,-1.4861260391190037
150.51625487790395,30.817745280264663,3.9630003314226894,0.6359999999999854,47.251688738919405,-0.32345208223209454
104.47553787047251,13.514629040472812,20.768254736939156,0.1460000000000001,13.4618937392734,0.5071043817615326
167.10690064808534,28.888442633969788,6.1815204923361335,0.012000000000000007,25.059252538876375,1.4559606795619748
160.9586892970789,22.24787401692688,26.192871180238132,15.499500000007451,49.009100570907705,-1.6932563987093672
238.31146189528798,20.792633950173276,15.021740126043728,0.005500000000000001,46.0188507011959,1.5847880050739884
110.39972930667462,9.306513918444905,22.157520601701677,0.08950000000000007,7.966883473086782,0.865386718630837
176.17078656366533,6.6506617840596824,20.46295493625538,0.035500000000000025,8.879079486621954,1.2668313598270204
219.44842127477853,19.01031795774201,23.715090851699006,18.4295000000024,31.662239181470618,-1.4885669974573803
73.03821442480788,21.79756348708688,7.5805292094627665,9.813500000000502,4.317370589528612,-1.2841648909983983
89.49005567094397,8.347896618966189,27.723898161577413,4.350000000000309,41.26586310688628,-1.3664542308923426
167.83768716508177,26.89896679326492,3.3508016883642013,3.987500000000499,5.223334865732276,-0.5634721743324023
136.85346798962556,20.782856798095324,21.122189657545864,0.3945000000000003,45.68104038391143,-0.1809495681182911
53.47336907056368,25.274049585753936,29.17625972016176,0.013500000000000009,8.13207699630063,1.6546528612627176
202.5886551173995,7.732348799131669,4.039797618169963,48.573500000049904,8.951933599881233,-1.4073126578282782
60.64415406973667,16.9425351288928,12.148497957752124,0.1240000000000001,8.199744541973452,0.6680267203673447
160.45602604297417,24.008913230474665,23.52499557214993,0.5179999999999984,15.703330591731877,-0.05865768670057703
124.1075699129452,2.4157479913596416,29.845232688936374,5.893999999999453,10.177007138447069,-0.9981152598552958
249.3290142911602,21.01192667307822,4.760313907928383,0.014000000000000009,27.057429860796923,1.4000080920426892
89.74114184344981,19.2775852461439,9.21288560021742,1.9234999999998437,7.701371816897317,-0.539332888788473
100.05823587412382,21.93216638832715,22.586271287155295,0.503,45.725422278419614,-0.39566186783274304
97.18098221060326,4.963755732220713,27.874586152311824,0.002,16.046559547730496,2.4017387459171076
203.1829184094611,1.653958715076448,11.668244668933731,16.98350000000577,5.723086705006773,-0.9292970959192521
224.72041414396605,12.79109301252826,6.224754478877058,0.005500000000000001,24.425517827928942,1.8470653929765537
77.70323321661603,1.0324083500206673,6.718332299673641,2.2619999999999227,12.904774050724798,-0.485796113944283
234.41834790350532,10.782205796440383,15.508626548235748,0.020000000000000014,44.57483305027389,1.1810591126242795
218.41837594101,13.824321529934537,23.435982066779523,0.0025,46.543558625823955,1.8607861798762944
136.1188966160156,30.21555208879708,7.841370408954461,0.007000000000000003,6.064692600636955,1.9698020519288026
112.72141595627068,1.9583927886015786,1.855930639753233,0.1245000000000001,17.599051355983452,1.012674913671169
194.04742246978242,21.74212792791218,9.25265828237281,54.75950000007944,47.95795026670388,-1.9997985191892513
127.51150431045451,21.725487246091085,20.760966297374498,0.1430000000000001,20.093258279279347,0.4104161032337834
157.2655122010991,11.725240597021116,23.390913737564166,4.9439999999999795,20.345901102975173,-0.9858964213517387
108.05607968899953,22.971166603648335,29.195037184035204,7.03599999999882,18.65384544466929,-1.3840062289491883
174.5706063831419,10.423549090740478,16.306696421355426,0.001,20.755542169479256,2.5923149701439616
241.62228956268217,8.496133626048094,20.72319766621436,0.1310000000000001,16.951868969550354,0.6249330733883074
96.26176584110756,27.846419533235327,17.937821179509264,0.022500000000000017,22.69780798164257,1.1622299716083866
160.88845590881147,27.527950490270612,25.124345605278776,0.08950000000000007,44.97553214050155,0.4266857108475972
66.22456588009815,3.0778134711548946,5.957976739980216,0.8124999999999659,9.21618682710563,0.005680558761812282
110.15683368168357,26.397607797921008,26.19919347018606,0.021000000000000015,4.017192956422788,1.554989670320511
64.56123037463044,22.147040305039667,17.36264624010351,0.32100000000000023,34.41069638951994,-0.2367509131515697
134.80916382078902,17.108491743054554,3.758927203897137,1.5314999999998868,27.130302569867624,-0.5032619910243801
214.45485405874456,13.75810413316697,25.25901328406077,0.011000000000000006,25.985047917669114,1.4320386077973448
172.8003726815714,18.686259396091245,6.182224580099319,7.361999999998639,23.792633639892312,-1.07042495393015
62.308472140107746,25.98691376196525,3.787910883273834,0.0035,6.9533724275488975,2.5846216540905607
195.71848235397437,2.7451342208370924,29.38410364162602,0.023500000000000017,25.753785311384924,1.1780554489009765
206.60905852580447,8.088960403083199,2.34589758207607,0.0045000000000000005,30.299930577550114,1.9963257558831038
192.5575524162599,21.52347635203911,8.73419081166239,3.0920000000002,47.71060742971359,-0.8577440543251931
159.79420198224562,2.16506241711704,7.908446853677626,0.02650000000000002,28.37130931137385,1.3547113043252081
200.4028081593866,26.298530211568796,13.68762032471132,14.3935000000061,12.18554832309966,-1.2349066289628663
124.56225175650198,1.4125814877982736,27.044500586310498,5.523499999999658,49.30876939911667,-1.2833192538739175
177.12900226723207,27.01456583339254,27.973414178622512,0.07450000000000005,9.92740924208586,0.8078649210512561
95.73015809307341,3.604737747616037,2.4706127759005994,0.047000000000000035,10.063039059963407,1.4714566406855725
156.0795356931617,22.917809275603936,26.81169058147109,0.030500000000000024,32.35428236171305,0.9464228397575778
155.93291557501522,6.856426200271283,30.999817377631746,0.023000000000000017,20.492391622460804,1.2110398722626363
115.92137252429455,15.049702971006838,27.198290401576784,0.11450000000000009,30.237261683311523,0.4044774518959251
183.4555624162653,15.697615560657141,7.816499635582343,0.020500000000000015,41.65094201732477,1.2058191412210881
243.34689496992215,20.02303013554064,18.049680702823014,0.11750000000000009,16.040526300611223,0.6282801680894798
126.71103810292891,3.9768526822008257,21.885928062446784,0.0025,10.219366964462006,2.379128645327837
216.60949471030486,23.44878766915238,13.304040073163778,5.079999999999904,45.72152648579427,-1.0367282571569625
126.29466840269858,5.342578172520641,20.99409444248682,3.8730000000004607,23.937268739636373,-0.9498334174063565
120.71646494214379,11.98375533216535,22.660072563109466,2.357999999999955,44.6907237892588,-0.9491265891429905
132.56147496853987,18.131862203687017,1.9844411026945687,0.011500000000000007,16.83528036576253,1.6861176519427472
204.93814100467145,11.841972432925541,21.02225161422674,86.91350000023297,7.5757602728663045,-1.7985341492752531
169.4567462595387,25.20106866120921,18.4138462811722,23.765999999989962,32.99791680471658,-1.7368945720624183
77.75002932744934,14.513647305321888,16.801822446909615,0.1515000000000001,11.640277912767026,0.5017424229645915
196.37786209176792,10.26247438761539,12.339556901098467,1.2634999999999164,44.68178884704501,-0.4257355578188262
87.66817007279117,15.709464733877892,28.208027602030615,0.07000000000000005,31.140750356176017,0.5751377424595385
84.98221290919275,24.727792960612465,20.616816723707103,0.06600000000000004,33.26222139168446,0.5701651904836846
82.01946628247399,19.963374135414707,3.125439896517911,1.0449999999999404,32.62678119305514,-0.5777098309233555
244.104297192428,12.70753847139493,5.33249854673627,57.554000000092785,33.1478830479367,-1.7150764739707354
205.71306104994866,14.959505535317636,14.33708878018384,2.889000000000132,29.374190279722722,-0.7052286623897537
177.2824371784316,2.0981427512456765,18.76199261397919,0.012000000000000007,31.091298000194357,1.4965393036614327
82.06404104447665,15.039758062445117,4.7984287542642665,0.16850000000000012,38.941103999735226,0.28149763685210916
174.5375497194408,25.356318667501128,4.795000394473769,0.07050000000000005,35.63368174982878,0.6897825224715817
132.07467400261604,1.436169855827362,25.70949900515467,0.01550000000000001,26.66798653509731,1.3956416979349187
128.827044806905,23.38564776w9443576,30.6494463552914,1.6239999999998767,9.667177787538737,-0.5266458505645435
244.23841732406274,17.160432451107894,27.22073324510631,0.17400000000000013,14.527281452143436,0.46945904947442596
89.14848457396167,7.27588731186669,20.826840702551994,34.71299999998372,1.9034754069767947,-1.5617163163867454
221.01381876434044,25.29112056395079,15.186398490290728,0.01550000000000001,47.28676375211249,1.1759872371434916
77.82094646513899,25.424064036037485,30.571830375630604,0.32800000000000024,17.814839252103187,-0.11008409309873946
144.45713528195142,10.8707924937794,6.905098435403318,0.0045000000000000005,43.59191749113018,1.9398782855544634
221.86981388313333,18.63926779820759,11.807102350229048,2.5855000000000308,29.53557289431754,-0.6454171434118487
79.03713550055059,15.913290814608544,5.6205474823963755,0.02450000000000002,31.375374228839814,1.2355644228749734
77.33458336176477,30.729096617586436,18.163416815777023,0.24000000000000019,12.775235891186442,0.15113018998415484
67.98804050471516,10.980732599583744,29.32491378272314,1.111999999999933,10.54372817397151,-0.5460829851262097
120.8739730541369,18.454173310509166,13.470791054605519,7.1524999999987555,17.343344616694544,-1.2085015964967933
219.39238491409228,30.12047292963986,5.944591106725735,0.10350000000000008,46.73493064920847,0.47203790858534367
145.97889324071133,9.82000971582382,6.221716449488234,8.16699999999849,44.965819010257235,-1.2303108326507406
132.09975111000404,28.342480801872856,3.498259251708299,0.022000000000000016,33.46202748334726,1.1633681396055766
54.11242050722996,15.782541170682663,9.214572523426263,0.018000000000000013,11.807256007058486,1.600765620909939
225.16281603811117,23.926186538609752,3.5792049080166035,20.644999999997236,36.54153225421921,-1.4626572348264282
102.54712208041701,22.99488817546629,2.8892145405864613,0.7079999999999774,26.187289418223692,-0.293410911423269
204.49667222249766,26.506196695089184,19.55971806939699,0.35350000000000026,29.99388885300177,0.02403197736355933
84.26430065848298,29.26842511911851,21.16087983284761,0.08700000000000006,40.77465133126225,0.36859315817789673
93.14521201013716,22.64947565153306,2.126680682627199,0.10000000000000007,22.158912571554257,0.6280090528057634
82.02956989819492,2.7083105059188286,9.917247868050522,0.009500000000000005,2.946774196968548,2.3490070385982964
243.19854595029378,20.767999796349386,12.452328475363814,7.023499999998827,11.821850193336369,-0.8383042640983178
86.39794409518603,27.114514510107426,22.48213604173517,1.5634999999998833,29.461671074114957,-0.9017567546385932
152.67620093850144,21.71493187996757,17.855282178896285,0.002,33.16184594772671,2.0688761827037094
194.99496230085072,11.987436247877145,7.771785116904036,0.004,3.53355928291078,2.3510066551625073
88.74426718004533,7.814418532765421,28.92833577571463,0.4235000000000003,6.17628506028458,0.15334757967690438
173.03019361983212,3.6501093068898673,4.504121133940872,21.6894999999948,25.56466804827886,-1.296514941883402
